place(6.940, 1.000, -25.420, "Scout", 150)
place(7.136, 1.000, -25.291, "Scout", 150)
upgrade(7.136, 2.350, -25.291, 50)
place(4.003, 1.000, -26.232, "Scout", 150)
place(0.941, 1.000, -27.183, "Scout", 150)
upgrade(7.136, 2.350, -25.291, 200)
upgrade(4.003, 2.350, -26.232, 50)
upgrade(0.941, 2.350, -27.183, 50)
place(9.288, 4.446, -12.532, "Sniper", 300)
upgrade(9.288, 5.796, -12.532, 150)
upgrade(4.003, 2.350, -26.232, 200)
upgrade(0.941, 2.350, -27.183, 200)
place(12.549, 4.446, -12.482, "Sniper", 300)
upgrade(12.549, 5.796, -12.482, 150)
upgrade(12.549, 5.796, -12.482, 500)
upgrade(12.549, 5.796, -12.482, 1500)
place(10.501, 1.000, -18.515, "Scout", 150)
upgrade(10.501, 2.350, -18.515, 50)
upgrade(10.501, 2.350, -18.515, 200)
upgrade(10.501, 2.350, -18.515, 950)
upgrade(10.501, 2.350, -18.515, 2500)
upgrade(10.501, 2.350, -18.515, 230)
upgrade(4.003, 2.350, -26.232, 950)
upgrade(4.003, 2.350, -26.232, 2500)
upgrade(9.288, 5.796, -12.532, 500)
upgrade(9.288, 5.796, -12.532, 1500)
upgrade(0.941, 2.350, -27.183, 950)
upgrade(0.941, 2.350, -27.183, 2500)
place(11.756, 4.446, -9.543, "Sniper", 300)
place(8.490, 4.446, -9.507, "Sniper", 300)
upgrade(8.490, 5.796, -9.507, 150)
upgrade(8.490, 5.796, -9.507, 500)
upgrade(8.490, 5.796, -9.507, 1500)
upgrade(11.756, 5.796, -9.543, 150)
upgrade(11.756, 5.796, -9.543, 500)
upgrade(11.756, 5.796, -9.543, 1500)
upgrade(11.756, 5.796, -9.543, 4000)
upgrade(9.288, 5.796, -12.532, 4000)
upgrade(9.288, 5.796, -12.532, 908)
upgrade(7.136, 2.350, -25.291, 950)
upgrade(7.136, 2.350, -25.291, 2500)
upgrade(4.003, 2.350, -26.232, 2595)
upgrade(4.003, 2.350, -26.232, 143)
upgrade(12.549, 5.796, -12.482, 4000)
upgrade(8.490, 5.796, -9.507, 4000)
upgrade(10.501, 2.350, -18.515, 3139)
place(-2.757, 1.000, -26.967, "Scout", 150)
upgrade(-2.757, 2.350, -26.967, 50)
upgrade(-2.757, 2.350, -26.967, 200)
upgrade(-2.757, 2.350, -26.967, 950)
place(9.947, 4.446, -6.378, "Sniper", 300)
upgrade(9.947, 5.796, -6.378, 150)
upgrade(9.947, 5.796, -6.378, 500)
upgrade(9.947, 5.796, -6.378, 1500)
upgrade(9.947, 5.796, -6.378, 4000)
place(14.025, 1.000, -22.295, "Scout", 150)
upgrade(14.025, 2.350, -22.295, 50)
upgrade(14.025, 2.350, -22.295, 200)
upgrade(14.025, 2.350, -22.295, 950)
upgrade(14.025, 2.350, -22.295, 2500)
upgrade(14.025, 2.350, -22.295, 52)
upgrade(14.025, 2.350, -22.295, 2578)
place(-0.711, 1.000, -19.706, "Scout", 150)
upgrade(-0.711, 2.350, -19.706, 50)
upgrade(-0.711, 2.350, -19.706, 200)
upgrade(-0.711, 2.350, -19.706, 950)
upgrade(-0.711, 2.350, -19.706, 2500)
upgrade(-2.757, 2.350, -26.967, 2500)
place(6.696, 1.000, -18.889, "Scout", 150)
upgrade(6.696, 2.350, -18.889, 50)
upgrade(6.696, 2.350, -18.889, 200)
upgrade(6.696, 2.350, -18.889, 950)
upgrade(6.696, 2.350, -18.889, 2500)
upgrade(6.696, 2.350, -18.889, 1541)
place(3.551, 1.000, -19.306, "Scout", 150)
upgrade(3.551, 2.350, -19.306, 50)
upgrade(3.551, 2.350, -19.306, 200)
upgrade(3.551, 2.350, -19.306, 950)
upgrade(3.551, 2.350, -19.306, 2500)
place(14.449, 1.000, -26.294, "Scout", 150)
upgrade(14.449, 2.350, -26.294, 50)
upgrade(14.449, 2.350, -26.294, 200)
upgrade(14.449, 2.350, -26.294, 950)
upgrade(7.136, 2.350, -25.291, 3084)
upgrade(7.136, 2.350, -25.291, 601)
place(-27.011, 4.446, 7.874, "Sniper", 300)
upgrade(-27.011, 5.796, 7.874, 150)
upgrade(-27.011, 5.796, 7.874, 500)
upgrade(-27.011, 5.796, 7.874, 1500)
upgrade(-27.011, 5.796, 7.874, 4000)
upgrade(-27.011, 5.796, 7.874, 2442)
place(-9.432, 1.000, -14.493, "Scout", 150)
upgrade(-9.432, 2.350, -14.493, 50)
upgrade(-9.432, 2.350, -14.493, 200)
upgrade(-9.432, 2.350, -14.493, 950)
upgrade(-9.432, 2.350, -14.493, 2500)
upgrade(-9.432, 2.350, -14.493, 1374)
place(-8.448, 1.000, -18.160, "Scout", 150)
upgrade(-8.448, 2.350, -18.160, 50)
upgrade(-8.448, 2.350, -18.160, 200)
upgrade(-8.448, 2.350, -18.160, 950)
upgrade(-8.448, 2.350, -18.160, 2500)
upgrade(9.947, 5.796, -6.378, 5026)
upgrade(9.947, 5.796, -6.378, 1046)
place(8.933, 1.000, -15.145, "Scout", 150)
upgrade(8.933, 2.350, -15.145, 50)
upgrade(8.933, 2.350, -15.145, 200)
upgrade(8.933, 2.350, -15.145, 950)
upgrade(8.933, 2.350, -15.145, 2500)
place(5.983, 1.000, -29.856, "Scout", 150)
upgrade(5.983, 2.350, -29.856, 50)
upgrade(5.983, 2.350, -29.856, 200)
upgrade(5.983, 2.350, -29.856, 950)
upgrade(5.983, 2.350, -29.856, 2500)